HEDERA_ACCOUNT_ID=0.0.6212186
HEDERA_PRIVATE_KEY=0xd5d1451cf03c2295819286d63d04e9f61f19adc848adb12f24be7e48789be323
HCS_TOPIC_ID=0.0.6449883
MONGODB_URI=mongodb://localhost:27017/true-trace
JWT_SECRET=2a9dbab9febb9c050cb51df0ce215d30e432b5f1a0fbfe91a7d237e61a35277b
WALLETCONNECT_PROJECT_ID=bd8a4f4522b833dcc62c5ddddaab038e
